{
  "nbformat": 4,
  "nbformat_minor": 0,
  "metadata": {
    "colab": {
      "provenance": [],
      "authorship_tag": "ABX9TyPjgGdGGYpmXy6xa40wRlHE",
      "include_colab_link": true
    },
    "kernelspec": {
      "name": "python3",
      "display_name": "Python 3"
    },
    "language_info": {
      "name": "python"
    }
  },
  "cells": [
    {
      "cell_type": "markdown",
      "metadata": {
        "id": "view-in-github",
        "colab_type": "text"
      },
      "source": [
        "<a href=\"https://colab.research.google.com/github/Hyubbbb/EPOCH_LinearAlgebra/blob/main/h_Jiyun/Chapter8_solution.ipynb\" target=\"_parent\"><img src=\"https://colab.research.google.com/assets/colab-badge.svg\" alt=\"Open In Colab\"/></a>"
      ]
    },
    {
      "cell_type": "code",
      "execution_count": 1,
      "metadata": {
        "id": "iKA7Tkkd95uI"
      },
      "outputs": [],
      "source": [
        "import numpy as np"
      ]
    },
    {
      "cell_type": "markdown",
      "source": [
        "## 연습 문제 8-1"
      ],
      "metadata": {
        "id": "MkrtseIV-DFn"
      }
    },
    {
      "cell_type": "markdown",
      "source": [
        "### Square Matrix Q"
      ],
      "metadata": {
        "id": "HzJKQG4j-MSf"
      }
    },
    {
      "cell_type": "code",
      "source": [
        "Q, R = np.linalg.qr(np.random.rand(6,6), 'complete')\n",
        "QT = Q.T\n",
        "Q_inv = np.linalg.inv(Q)"
      ],
      "metadata": {
        "colab": {
          "base_uri": "https://localhost:8080/"
        },
        "id": "uxyXRYG7-CTr",
        "outputId": "c8e8a3ee-2ea4-4fe9-90dc-68952edd7bc6"
      },
      "execution_count": 17,
      "outputs": [
        {
          "output_type": "execute_result",
          "data": {
            "text/plain": [
              "array([[-0.31365824, -0.58585668, -0.34915625, -0.47005738, -0.31123229,\n",
              "        -0.34447191],\n",
              "       [ 0.58142965, -0.02932244, -0.51139267, -0.21476737, -0.23642039,\n",
              "         0.54547014],\n",
              "       [-0.54852933,  0.11641226, -0.62666454,  0.49216456,  0.0507533 ,\n",
              "         0.21921101],\n",
              "       [ 0.2769137 ,  0.54148824, -0.40825556, -0.03286348, -0.03939702,\n",
              "        -0.67882586],\n",
              "       [-0.32216697,  0.48739977,  0.21884869, -0.19924744, -0.73441449,\n",
              "         0.17801961],\n",
              "       [-0.28670699,  0.3340543 , -0.09639325, -0.67075743,  0.55113265,\n",
              "         0.2079722 ]])"
            ]
          },
          "metadata": {},
          "execution_count": 17
        }
      ]
    },
    {
      "cell_type": "markdown",
      "source": [
        "### Check Identity Matrix"
      ],
      "metadata": {
        "id": "-M1as7XzBgC6"
      }
    },
    {
      "cell_type": "code",
      "source": [
        "QT@Q"
      ],
      "metadata": {
        "colab": {
          "base_uri": "https://localhost:8080/"
        },
        "id": "xWwNr-l5-fmH",
        "outputId": "d95dcdfe-6e63-4d95-b883-a6b9abd09cec"
      },
      "execution_count": 18,
      "outputs": [
        {
          "output_type": "execute_result",
          "data": {
            "text/plain": [
              "array([[ 1.00000000e+00,  8.12226261e-17, -1.55894737e-16,\n",
              "         9.09643450e-18, -5.19746347e-17, -1.30576852e-16],\n",
              "       [ 8.12226261e-17,  1.00000000e+00, -3.26397375e-17,\n",
              "        -9.11599047e-17, -1.08403126e-16, -7.63667591e-17],\n",
              "       [-1.55894737e-16, -3.26397375e-17,  1.00000000e+00,\n",
              "        -1.49157915e-16, -7.52773285e-18, -1.27207062e-16],\n",
              "       [ 9.09643450e-18, -9.11599047e-17, -1.49157915e-16,\n",
              "         1.00000000e+00,  1.26751115e-17,  3.77831014e-17],\n",
              "       [-5.19746347e-17, -1.08403126e-16, -7.52773285e-18,\n",
              "         1.26751115e-17,  1.00000000e+00, -1.70028856e-17],\n",
              "       [-1.30576852e-16, -7.63667591e-17, -1.27207062e-16,\n",
              "         3.77831014e-17, -1.70028856e-17,  1.00000000e+00]])"
            ]
          },
          "metadata": {},
          "execution_count": 18
        }
      ]
    },
    {
      "cell_type": "code",
      "source": [
        "Q@Q.T"
      ],
      "metadata": {
        "colab": {
          "base_uri": "https://localhost:8080/"
        },
        "id": "USE6uyaW-iBk",
        "outputId": "88533bf4-6f39-4ddd-9760-b03e5a22a1b8"
      },
      "execution_count": 19,
      "outputs": [
        {
          "output_type": "execute_result",
          "data": {
            "text/plain": [
              "array([[ 1.00000000e+00, -1.34906970e-16, -3.76622455e-16,\n",
              "        -2.12511030e-17, -1.94751633e-17,  8.64104427e-17],\n",
              "       [-1.34906970e-16,  1.00000000e+00,  1.72459195e-16,\n",
              "        -8.21012998e-17,  3.75244393e-17, -7.83818061e-17],\n",
              "       [-3.76622455e-16,  1.72459195e-16,  1.00000000e+00,\n",
              "         5.98120267e-17, -5.35868077e-17, -8.55872436e-17],\n",
              "       [-2.12511030e-17, -8.21012998e-17,  5.98120267e-17,\n",
              "         1.00000000e+00, -1.07949689e-16,  1.37769247e-17],\n",
              "       [-1.94751633e-17,  3.75244393e-17, -5.35868077e-17,\n",
              "        -1.07949689e-16,  1.00000000e+00, -6.99501470e-18],\n",
              "       [ 8.64104427e-17, -7.83818061e-17, -8.55872436e-17,\n",
              "         1.37769247e-17, -6.99501470e-18,  1.00000000e+00]])"
            ]
          },
          "metadata": {},
          "execution_count": 19
        }
      ]
    },
    {
      "cell_type": "code",
      "source": [
        "Q_inv@Q"
      ],
      "metadata": {
        "colab": {
          "base_uri": "https://localhost:8080/"
        },
        "id": "kSP6X9XD_MWw",
        "outputId": "6f3130e1-3528-4307-a6ca-987968957523"
      },
      "execution_count": 20,
      "outputs": [
        {
          "output_type": "execute_result",
          "data": {
            "text/plain": [
              "array([[ 1.00000000e+00, -8.78349273e-17, -1.52993830e-18,\n",
              "        -8.73231158e-18,  2.83489126e-17, -5.88549008e-17],\n",
              "       [ 1.89328766e-17,  1.00000000e+00, -8.13143589e-17,\n",
              "         1.70592018e-16, -6.46646927e-17, -2.54013484e-17],\n",
              "       [-9.08225694e-17,  1.18753879e-16,  1.00000000e+00,\n",
              "         1.19483468e-16, -1.94076635e-17,  6.82484735e-17],\n",
              "       [ 3.68520101e-17, -3.56487535e-17, -1.03800369e-17,\n",
              "         1.00000000e+00, -1.50804641e-17, -1.77280498e-17],\n",
              "       [ 5.21087739e-17, -2.51363988e-17,  1.32889489e-17,\n",
              "        -1.20267627e-18,  1.00000000e+00, -1.00639917e-17],\n",
              "       [-5.67676142e-18,  2.07777555e-17, -3.00625471e-17,\n",
              "         1.00275258e-17,  1.14836099e-16,  1.00000000e+00]])"
            ]
          },
          "metadata": {},
          "execution_count": 20
        }
      ]
    },
    {
      "cell_type": "code",
      "source": [
        "Q@Q_inv"
      ],
      "metadata": {
        "colab": {
          "base_uri": "https://localhost:8080/"
        },
        "id": "B-NYtyzZ_O8e",
        "outputId": "060e9a66-25de-45f8-fead-25a6e0a7dca9"
      },
      "execution_count": 21,
      "outputs": [
        {
          "output_type": "execute_result",
          "data": {
            "text/plain": [
              "array([[ 1.00000000e+00, -4.75649485e-17, -6.97828877e-17,\n",
              "        -5.30819731e-17,  2.05062957e-17, -2.46118597e-17],\n",
              "       [ 3.87090824e-18,  1.00000000e+00, -1.04316926e-18,\n",
              "        -1.72582465e-17, -1.82268426e-17, -5.06262305e-17],\n",
              "       [-1.51108403e-16, -7.35780793e-17,  1.00000000e+00,\n",
              "         3.52324384e-17, -6.64724593e-19,  8.09462101e-17],\n",
              "       [ 6.50447259e-18,  2.01233103e-17, -3.71621756e-17,\n",
              "         1.00000000e+00,  1.15457414e-16,  6.92880759e-17],\n",
              "       [ 3.60359879e-17,  3.18475744e-17,  6.91844582e-17,\n",
              "         8.74947791e-18,  1.00000000e+00,  6.23939243e-17],\n",
              "       [ 1.90493851e-16,  6.50620956e-17, -1.04654166e-16,\n",
              "        -4.64002502e-17,  2.08808440e-17,  1.00000000e+00]])"
            ]
          },
          "metadata": {},
          "execution_count": 21
        }
      ]
    },
    {
      "cell_type": "markdown",
      "source": [
        "## 연습 문제 8-2"
      ],
      "metadata": {
        "id": "J2bKC9VMDdKJ"
      }
    },
    {
      "cell_type": "markdown",
      "source": [
        "### GS process"
      ],
      "metadata": {
        "id": "F9MA_kzPr1OZ"
      }
    },
    {
      "cell_type": "code",
      "source": [
        "V = np.random.rand(4,4)\n",
        "x1 = V[:,0]\n",
        "x2 = V[:,1]\n",
        "x3 = V[:,2]\n",
        "x4 = V[:,3]\n",
        "\n",
        "v1 = x1\n",
        "v2 = x2 - ((x2@v1)/(v1@v1))*v1\n",
        "v3 = x3 - ((x3@v1)/(v1@v1))*v1 - ((x3@v2)/(v2@v2))*v2\n",
        "v4 = x4 - ((x4@v1)/(v1@v1))*v1 - ((x4@v2)/(v2@v2))*v2 -((x4@v3)/(v3@v3))*v3\n",
        "\n",
        "VQ = np.zeros((4,4))\n",
        "VQ[:,0] = v1/np.linalg.norm(v1)\n",
        "VQ[:,1] = v2/np.linalg.norm(v2)\n",
        "VQ[:,2] = v3/np.linalg.norm(v3)\n",
        "VQ[:,3] = v4/np.linalg.norm(v4)\n",
        "\n",
        "print(VQ)\n",
        "\n",
        "Q,R = np.linalg.qr(V)\n",
        "print('')\n",
        "print(Q)"
      ],
      "metadata": {
        "colab": {
          "base_uri": "https://localhost:8080/"
        },
        "id": "o5UiZwJn_Xap",
        "outputId": "72aada78-74c3-4b37-c681-e093eaf006e3"
      },
      "execution_count": 142,
      "outputs": [
        {
          "output_type": "stream",
          "name": "stdout",
          "text": [
            "[[ 0.39751489 -0.30294254 -0.07093604 -0.86323566]\n",
            " [ 0.56465848 -0.66328296  0.03991067  0.48951369]\n",
            " [ 0.7031735   0.66537014 -0.22578686  0.10885723]\n",
            " [ 0.16938046  0.15988779  0.97077057 -0.05788474]]\n",
            "\n",
            "[[-0.39751489 -0.30294254 -0.07093604 -0.86323566]\n",
            " [-0.56465848 -0.66328296  0.03991067  0.48951369]\n",
            " [-0.7031735   0.66537014 -0.22578686  0.10885723]\n",
            " [-0.16938046  0.15988779  0.97077057 -0.05788474]]\n"
          ]
        }
      ]
    },
    {
      "cell_type": "markdown",
      "source": [
        "## 연습 문제 8-3"
      ],
      "metadata": {
        "id": "rKwhyzYKDfEG"
      }
    },
    {
      "cell_type": "markdown",
      "source": [
        "### Orthogonal Matrix 'U'"
      ],
      "metadata": {
        "id": "UO8dp7-xEOJP"
      }
    },
    {
      "cell_type": "code",
      "source": [
        "U,R1 = np.linalg.qr(np.random.rand(6,6), 'complete')\n",
        "Q,R = np.linalg.qr(U, 'complete')\n",
        "R"
      ],
      "metadata": {
        "colab": {
          "base_uri": "https://localhost:8080/"
        },
        "id": "IVqVXCJJDhk_",
        "outputId": "b00ba7e5-99f2-4acd-b90a-1392de65b6cc"
      },
      "execution_count": 67,
      "outputs": [
        {
          "output_type": "execute_result",
          "data": {
            "text/plain": [
              "array([[ 1.00000000e+00,  2.77555756e-16, -3.33066907e-16,\n",
              "        -4.44089210e-16, -5.55111512e-17, -3.33066907e-16],\n",
              "       [ 0.00000000e+00,  1.00000000e+00,  2.22044605e-16,\n",
              "         2.22044605e-16,  3.64291930e-17,  2.77555756e-17],\n",
              "       [ 0.00000000e+00,  0.00000000e+00,  1.00000000e+00,\n",
              "         0.00000000e+00, -2.22044605e-16, -5.55111512e-17],\n",
              "       [ 0.00000000e+00,  0.00000000e+00,  0.00000000e+00,\n",
              "         1.00000000e+00,  8.32667268e-17, -5.55111512e-16],\n",
              "       [ 0.00000000e+00,  0.00000000e+00,  0.00000000e+00,\n",
              "         0.00000000e+00,  1.00000000e+00,  2.22044605e-16],\n",
              "       [ 0.00000000e+00,  0.00000000e+00,  0.00000000e+00,\n",
              "         0.00000000e+00,  0.00000000e+00,  1.00000000e+00]])"
            ]
          },
          "metadata": {},
          "execution_count": 67
        }
      ]
    },
    {
      "cell_type": "markdown",
      "source": [
        "### norm 값 수정\n",
        "\n",
        "각 열에 10 ~ 15를 곱해줌으로써 norm값을 10 ~ 15로 수정"
      ],
      "metadata": {
        "id": "fQKVKRejKfN9"
      }
    },
    {
      "cell_type": "code",
      "source": [
        "for i in range(6):\n",
        "  U[:,i] = U[:,i]*(10+i)\n",
        "print(U)"
      ],
      "metadata": {
        "colab": {
          "base_uri": "https://localhost:8080/"
        },
        "id": "J9P5OVFvEZPl",
        "outputId": "b184bdfc-4672-45fb-b9ca-d46472259e00"
      },
      "execution_count": 68,
      "outputs": [
        {
          "output_type": "stream",
          "name": "stdout",
          "text": [
            "[[-3.26223352  2.81287214 -6.62441679 -6.63375179 -4.89255587 -5.63095594]\n",
            " [-6.88666459 -5.48422252  3.50002138  3.04391244 -2.41033495 -4.92114347]\n",
            " [-0.49273064  1.41800287 -3.741353    7.61676876 -8.81858287  5.68598269]\n",
            " [-4.60543239  1.24289517  2.99876048 -5.61420983 -0.42127601 10.87137039]\n",
            " [-2.32244631  8.90556527  4.70584024  3.37524042  1.12304787 -3.76456671]\n",
            " [-3.88395874  0.38267525 -6.53695138  3.8472286   9.32990186  2.0941887 ]]\n"
          ]
        }
      ]
    },
    {
      "cell_type": "code",
      "source": [
        "Q,R = np.linalg.qr(U, 'complete')\n",
        "print(R)\n",
        "print(Q@Q.T)\n",
        "\n",
        "# R은 대각선 원소가 10에서 15인 대각 행렬\n",
        "# Q@Q.T는 Identity Matrix"
      ],
      "metadata": {
        "colab": {
          "base_uri": "https://localhost:8080/"
        },
        "id": "IFpIUfPHKcBt",
        "outputId": "a255e8f9-fcb8-4151-bd27-4612878bb7e9"
      },
      "execution_count": 69,
      "outputs": [
        {
          "output_type": "stream",
          "name": "stdout",
          "text": [
            "[[ 1.00000000e+01  2.22044605e-15 -3.55271368e-15 -4.44089210e-15\n",
            "  -2.66453526e-15 -2.66453526e-15]\n",
            " [ 0.00000000e+00  1.10000000e+01  4.44089210e-15  4.44089210e-15\n",
            "   8.04911693e-16 -6.66133815e-16]\n",
            " [ 0.00000000e+00  0.00000000e+00  1.20000000e+01 -3.55271368e-15\n",
            "  -3.55271368e-15  8.88178420e-16]\n",
            " [ 0.00000000e+00  0.00000000e+00  0.00000000e+00  1.30000000e+01\n",
            "   2.22044605e-16 -1.77635684e-15]\n",
            " [ 0.00000000e+00  0.00000000e+00  0.00000000e+00  0.00000000e+00\n",
            "   1.40000000e+01  1.77635684e-15]\n",
            " [ 0.00000000e+00  0.00000000e+00  0.00000000e+00  0.00000000e+00\n",
            "   0.00000000e+00  1.50000000e+01]]\n",
            "[[ 1.00000000e+00  4.16176525e-16  1.50208255e-16 -1.06345632e-16\n",
            "  -8.24030404e-17  1.34325308e-16]\n",
            " [ 4.16176525e-16  1.00000000e+00 -8.43326867e-17  1.95948779e-16\n",
            "   2.22394574e-16  5.86930094e-17]\n",
            " [ 1.50208255e-16 -8.43326867e-17  1.00000000e+00 -1.90610578e-16\n",
            "  -9.35420471e-17  3.51990850e-16]\n",
            " [-1.06345632e-16  1.95948779e-16 -1.90610578e-16  1.00000000e+00\n",
            "   1.55813695e-17  9.55795164e-17]\n",
            " [-8.24030404e-17  2.22394574e-16 -9.35420471e-17  1.55813695e-17\n",
            "   1.00000000e+00 -1.28081537e-16]\n",
            " [ 1.34325308e-16  5.86930094e-17  3.51990850e-16  9.55795164e-17\n",
            "  -1.28081537e-16  1.00000000e+00]]\n"
          ]
        }
      ]
    },
    {
      "cell_type": "markdown",
      "source": [
        "### U의 직교성 깨뜨리기"
      ],
      "metadata": {
        "id": "TehvEs2jLgpG"
      }
    },
    {
      "cell_type": "code",
      "source": [
        "U[0,3] = 0\n",
        "print(U)"
      ],
      "metadata": {
        "colab": {
          "base_uri": "https://localhost:8080/"
        },
        "id": "_9yHMERdLftA",
        "outputId": "274a02c6-8fea-4b68-c051-291a132f8dc3"
      },
      "execution_count": 70,
      "outputs": [
        {
          "output_type": "stream",
          "name": "stdout",
          "text": [
            "[[-3.26223352  2.81287214 -6.62441679  0.         -4.89255587 -5.63095594]\n",
            " [-6.88666459 -5.48422252  3.50002138  3.04391244 -2.41033495 -4.92114347]\n",
            " [-0.49273064  1.41800287 -3.741353    7.61676876 -8.81858287  5.68598269]\n",
            " [-4.60543239  1.24289517  2.99876048 -5.61420983 -0.42127601 10.87137039]\n",
            " [-2.32244631  8.90556527  4.70584024  3.37524042  1.12304787 -3.76456671]\n",
            " [-3.88395874  0.38267525 -6.53695138  3.8472286   9.32990186  2.0941887 ]]\n"
          ]
        }
      ]
    },
    {
      "cell_type": "code",
      "source": [
        "Q,R = np.linalg.qr(U, 'complete')\n",
        "print(R)\n",
        "# 대각원소가 달라졌다"
      ],
      "metadata": {
        "colab": {
          "base_uri": "https://localhost:8080/"
        },
        "id": "9_Tq_l9eNe4F",
        "outputId": "49a9d749-6220-414c-a6e8-5728af8c214c"
      },
      "execution_count": 73,
      "outputs": [
        {
          "output_type": "stream",
          "name": "stdout",
          "text": [
            "[[ 1.00000000e+01  2.22044605e-15 -3.55271368e-15 -2.16408475e+00\n",
            "  -2.66453526e-15 -2.66453526e-15]\n",
            " [ 0.00000000e+00  1.10000000e+01  4.44089210e-15  1.69635414e+00\n",
            "   8.04911693e-16 -6.66133815e-16]\n",
            " [ 0.00000000e+00  0.00000000e+00  1.20000000e+01 -3.66206140e+00\n",
            "  -3.55271368e-15  8.88178420e-16]\n",
            " [ 0.00000000e+00  0.00000000e+00  0.00000000e+00  1.01991060e+01\n",
            "  -3.18223982e+00 -3.66251356e+00]\n",
            " [ 0.00000000e+00  0.00000000e+00  0.00000000e+00  0.00000000e+00\n",
            "   1.36335377e+01 -8.54876905e-01]\n",
            " [ 0.00000000e+00  0.00000000e+00  0.00000000e+00  0.00000000e+00\n",
            "   0.00000000e+00  1.45208533e+01]]\n"
          ]
        }
      ]
    },
    {
      "cell_type": "markdown",
      "source": [
        "## 연습 문제 8-6"
      ],
      "metadata": {
        "id": "Af8SmboGPA2z"
      }
    },
    {
      "cell_type": "markdown",
      "source": [
        "### M x N Orthogonal Matrix"
      ],
      "metadata": {
        "id": "ytkP5qqOPkx0"
      }
    },
    {
      "cell_type": "code",
      "source": [
        "m = 6\n",
        "Q,R = np.linalg.qr(np.random.rand(m,m))\n",
        "print(Q)"
      ],
      "metadata": {
        "colab": {
          "base_uri": "https://localhost:8080/"
        },
        "id": "LXK5_mDkPAAI",
        "outputId": "36cb20a5-1e29-418d-9e6f-5d03b447ad18"
      },
      "execution_count": 100,
      "outputs": [
        {
          "output_type": "stream",
          "name": "stdout",
          "text": [
            "[[-0.10453245 -0.09711292 -0.87798789 -0.27039309 -0.00093748 -0.36832866]\n",
            " [-0.05285401 -0.688244    0.19792546 -0.65818664 -0.08859538  0.20807059]\n",
            " [-0.33746697 -0.2877013  -0.29884398  0.37045064  0.45124369  0.61088603]\n",
            " [-0.56993026  0.59877128  0.02058711 -0.47195681 -0.05140889  0.30140092]\n",
            " [-0.53492323 -0.23814282  0.01640587  0.36492052 -0.71798754 -0.0905698 ]\n",
            " [-0.5113043  -0.13739792  0.31616778  0.02310914  0.5199809  -0.59060434]]\n"
          ]
        }
      ]
    },
    {
      "cell_type": "markdown",
      "source": [
        "### Norm"
      ],
      "metadata": {
        "id": "k9xcnPjfY4-K"
      }
    },
    {
      "cell_type": "code",
      "source": [
        "print(np.linalg.norm(Q, 2))\n",
        "\n",
        "Qnorm = np.sqrt(np.sum(Q**2))/np.sqrt(m)\n",
        "print(Qnorm)"
      ],
      "metadata": {
        "colab": {
          "base_uri": "https://localhost:8080/"
        },
        "id": "kYBYC4TnQysr",
        "outputId": "81a0ce7f-ca34-48b5-d2e4-6e65a7071e99"
      },
      "execution_count": 101,
      "outputs": [
        {
          "output_type": "stream",
          "name": "stdout",
          "text": [
            "1.0000000000000002\n",
            "1.0\n"
          ]
        }
      ]
    },
    {
      "cell_type": "code",
      "source": [
        "m=6\n",
        "v = np.random.rand(m)\n",
        "print(np.linalg.norm(v))\n",
        "print(np.linalg.norm(Q@v))"
      ],
      "metadata": {
        "colab": {
          "base_uri": "https://localhost:8080/"
        },
        "id": "p37j8eShSNHk",
        "outputId": "9ecac8ab-a02d-425a-a57b-ffd773b33a06"
      },
      "execution_count": 103,
      "outputs": [
        {
          "output_type": "stream",
          "name": "stdout",
          "text": [
            "1.3609207848472238\n",
            "1.3609207848472242\n"
          ]
        }
      ]
    },
    {
      "cell_type": "markdown",
      "source": [
        "## 연습 문제 8-7"
      ],
      "metadata": {
        "id": "7gHQ9VyvaYAD"
      }
    },
    {
      "cell_type": "markdown",
      "source": [
        "### QR 분해의 R 행렬"
      ],
      "metadata": {
        "id": "VeOG-C5hcFwt"
      }
    },
    {
      "cell_type": "code",
      "source": [
        "Q,R = np.linalg.qr(np.random.rand(10,4), 'complete')\n",
        "print(R)"
      ],
      "metadata": {
        "colab": {
          "base_uri": "https://localhost:8080/"
        },
        "id": "hKRcbSY0Z0Q2",
        "outputId": "b39a945f-08dc-4110-b726-2eb8b68ec485"
      },
      "execution_count": 105,
      "outputs": [
        {
          "output_type": "stream",
          "name": "stdout",
          "text": [
            "[[-2.1440579  -2.18991187 -1.52847347 -1.90012832]\n",
            " [ 0.         -1.29402631 -0.27649879 -0.75537233]\n",
            " [ 0.          0.          0.91208633  0.0222274 ]\n",
            " [ 0.          0.          0.          0.92062941]\n",
            " [ 0.          0.          0.          0.        ]\n",
            " [ 0.          0.          0.          0.        ]\n",
            " [ 0.          0.          0.          0.        ]\n",
            " [ 0.          0.          0.          0.        ]\n",
            " [ 0.          0.          0.          0.        ]\n",
            " [ 0.          0.          0.          0.        ]]\n"
          ]
        }
      ]
    },
    {
      "cell_type": "markdown",
      "source": [
        "### R의 처음 N행의 완전 역행렬 = R의 의사역행렬"
      ],
      "metadata": {
        "id": "adxXNl3zdeyS"
      }
    },
    {
      "cell_type": "code",
      "source": [
        "RS = R[:4,:]\n",
        "\n",
        "RS_inv = np.linalg.inv(RS)\n",
        "print(RS_pinv)\n",
        "\n",
        "RS_pinv = np.linalg.pinv(R)\n",
        "print(RS_pinv)\n"
      ],
      "metadata": {
        "colab": {
          "base_uri": "https://localhost:8080/"
        },
        "id": "td3UsuzTcM-p",
        "outputId": "8bbc31a6-00fe-4717-baf6-561925a8f7c4"
      },
      "execution_count": 113,
      "outputs": [
        {
          "output_type": "stream",
          "name": "stdout",
          "text": [
            "[[-4.66405314e-01  7.89308937e-01 -5.42322767e-01 -3.01916702e-01]\n",
            " [-2.11326117e-16 -7.72781814e-01 -2.34268656e-01 -6.28407921e-01]\n",
            " [-6.75320197e-17 -2.74635994e-16  1.09638745e+00 -2.64708496e-02]\n",
            " [-1.88561507e-16  3.43457999e-16  1.57370596e-16  1.08621340e+00]]\n",
            "[[-4.66405314e-01  7.89308937e-01 -5.42322767e-01 -3.01916702e-01\n",
            "   0.00000000e+00  0.00000000e+00  0.00000000e+00  0.00000000e+00\n",
            "   0.00000000e+00  0.00000000e+00]\n",
            " [-2.11326117e-16 -7.72781814e-01 -2.34268656e-01 -6.28407921e-01\n",
            "   0.00000000e+00  0.00000000e+00  0.00000000e+00  0.00000000e+00\n",
            "   0.00000000e+00  0.00000000e+00]\n",
            " [-6.75320197e-17 -2.74635994e-16  1.09638745e+00 -2.64708496e-02\n",
            "   0.00000000e+00  0.00000000e+00  0.00000000e+00  0.00000000e+00\n",
            "   0.00000000e+00  0.00000000e+00]\n",
            " [-1.88561507e-16  3.43457999e-16  1.57370596e-16  1.08621340e+00\n",
            "   0.00000000e+00  0.00000000e+00  0.00000000e+00  0.00000000e+00\n",
            "   0.00000000e+00  0.00000000e+00]]\n"
          ]
        }
      ]
    }
  ]
}